10 4
1 2
2 4
3 1
4 9
5 8
6 7
7 5
8 2
9 1
10 9
5 10
7 8
1 3
2 9
0 45.3542 103.87 20.6155 15.6525 55.0273 26.2488 67.897 82.2192 91.5478 65.192 
45.3542 0 84.0238 28.0713 30.2655 48.5489 19.2354 36.3456 69.3758 74.6726 38.0132 
103.87 84.0238 0 86.0233 92.3472 49.2443 88.6454 48.5077 23.3452 12.8062 46.0109 
20.6155 28.0713 86.0233 0 6.32456 39.0512 10.2956 47.3814 65.7647 74.2159 45 
15.6525 30.2655 92.3472 6.32456 0 45.1774 11.0454 53.1507 72.0069 80.5233 51.0392 
55.0273 48.5489 49.2443 39.0512 45.1774 0 44.5533 31.4006 27.2029 36.6742 25.1794 
26.2488 19.2354 88.6454 10.2956 11.0454 44.5533 0 45.793 70.0071 77.5242 44.7772 
67.897 36.3456 48.5077 47.3814 53.1507 31.4006 45.793 0 38.6005 40.8534 6.32456 
82.2192 69.3758 23.3452 65.7647 72.0069 27.2029 70.0071 38.6005 0 10.6301 33.6155 
91.5478 74.6726 12.8062 74.2159 80.5233 36.6742 77.5242 40.8534 10.6301 0 37.108 
65.192 38.0132 46.0109 45 51.0392 25.1794 44.7772 6.32456 33.6155 37.108 0 
