12 3
1 3
2 2
3 2
4 10
5 5
6 4
7 10
8 10
9 6
10 7
11 2
12 1
1 8
4 10
2 10
0 24.2074 74.1687 80.7775 77.8332 90.5539 74.8131 37.6431 80.0625 119.62 85.8836 48.8365 119.808 
24.2074 0 60.6383 61 53.7401 68.542 59.5399 13.4536 64.2806 95.4411 62.2415 34.4819 95.6033 
74.1687 60.6383 0 25.02 56.0803 41.1947 6 55.4617 9.43398 92.0869 78.721 26.3059 90.0056 
80.7775 61 25.02 0 34.8281 16.2788 19.0263 51.0098 17.4642 67.1863 57.8014 34.2053 65.0308 
77.8332 53.7401 56.0803 34.8281 0 27.313 50.5668 40.3113 51.1077 43.4626 23.0217 48.2597 42.9418 
90.5539 68.542 41.1947 16.2788 27.313 0 35.2278 56.6127 33.0151 51.6236 48.4149 47.634 49.2544 
74.8131 59.5399 6 19.0263 50.5668 35.2278 0 53.1413 5.38516 86.093 73.3553 26.0768 84.006 
37.6431 13.4536 55.4617 51.0098 40.3113 56.6127 53.1413 0 57.28 82.0975 49.6488 31.241 82.201 
80.0625 64.2806 9.43398 17.4642 51.1077 33.0151 5.38516 57.28 0 84.4808 74.0945 31.257 82.2192 
119.62 95.4411 92.0869 67.1863 43.4626 51.6236 86.093 82.0975 84.4808 0 36.6197 90.7083 3.60555 
85.8836 62.2415 78.721 57.8014 23.0217 48.4149 73.3553 49.6488 74.0945 36.6197 0 67.4759 38.0789 
48.8365 34.4819 26.3059 34.2053 48.2597 47.634 26.0768 31.241 31.257 90.7083 67.4759 0 89.56 
119.808 95.6033 90.0056 65.0308 42.9418 49.2544 84.006 82.201 82.2192 3.60555 38.0789 89.56 0 
