10 2
1 10
2 4
3 3
4 2
5 2
6 10
7 5
8 4
9 10
10 10
1 8
4 10
0 87.2067 52.0096 24.2074 74.1687 80.7775 77.8332 90.5539 74.8131 37.6431 80.0625 
87.2067 0 57.7235 63.6003 52.6118 28.4605 13 16.2788 46.6905 50.4777 45.8803 
52.0096 57.7235 0 41.1461 22.3607 37.0135 56.0089 51.9711 24.1661 39.598 29.5466 
24.2074 63.6003 41.1461 0 60.6383 61 53.7401 68.542 59.5399 13.4536 64.2806 
74.1687 52.6118 22.3607 60.6383 0 25.02 56.0803 41.1947 6 55.4617 9.43398 
80.7775 28.4605 37.0135 61 25.02 0 34.8281 16.2788 19.0263 51.0098 17.4642 
77.8332 13 56.0089 53.7401 56.0803 34.8281 0 27.313 50.5668 40.3113 51.1077 
90.5539 16.2788 51.9711 68.542 41.1947 16.2788 27.313 0 35.2278 56.6127 33.0151 
74.8131 46.6905 24.1661 59.5399 6 19.0263 50.5668 35.2278 0 53.1413 5.38516 
37.6431 50.4777 39.598 13.4536 55.4617 51.0098 40.3113 56.6127 53.1413 0 57.28 
80.0625 45.8803 29.5466 64.2806 9.43398 17.4642 51.1077 33.0151 5.38516 57.28 0 
