30 3
1 3
2 2
3 2
4 10
5 5
6 4
7 10
8 10
9 6
10 7
11 2
12 1
13 5
14 9
15 4
16 5
17 5
18 10
19 3
20 7
21 8
22 6
23 4
24 1
25 4
26 9
27 9
28 3
29 10
30 7
1 8
4 10
2 10
0 85.8836 48.8365 119.808 77.8781 85.44 76.3217 86.1626 96.4624 37.7359 74.411 48.4665 73.4983 87.4185 44.1814 136.488 111.018 109.877 53.1601 40 69.0652 106.042 86.977 59.8164 54.231 105.119 72.0347 80.8022 93.1719 56.1427 59.9416 
85.8836 0 67.4759 38.0789 23 7.2111 11 8.94427 19.4165 48.3322 31.3847 58.2151 64.8845 39.8246 48.1664 59.2368 39.0512 43.1856 61.9839 52.6118 40.7185 44.1475 12.53 39.6232 72.3671 21.9545 66.1891 13.6015 25 73.7564 25.9422 
48.8365 67.4759 0 89.56 73.8241 63.0317 56.5685 72.7805 85.1469 36.2353 40.7922 9.48683 25.0799 47.8853 56.2228 100.648 75.6439 72.0694 6.7082 21.9317 31.3209 66.888 75.4321 28.0179 7.2111 78.7718 23.4094 56 86.6487 9.43398 48.3322 
119.808 38.0789 89.56 0 59.1354 35.4683 44.5982 43.6578 44.1022 82.3286 49.0408 81.9329 76.0263 44.0454 85.8021 22.2036 18.0278 25.0799 82.9699 81.9878 58.2409 30.6757 45.8803 63.561 91.9837 16.1245 78.0577 39.0512 53.1507 92.5743 61.5549 
77.8781 23 73.8241 59.1354 0 29.2746 25.4951 15.5242 20 44.1022 47.4342 64.405 78.5175 59.5063 34.5398 81.0432 62.0322 66.1211 69.8355 54.1202 54.4885 66.7533 13.4164 49.2037 80.0625 43.4166 79.3095 32.8938 15.2971 81.8841 25.4951 
85.44 7.2111 63.0317 35.4683 29.2746 0 9.21954 16.1245 26.2488 47.7074 25.0799 54.0093 58.6003 32.6497 50.4777 55.4707 33.541 37 57.2189 50 34.7851 37.4833 19.7231 35.0143 67.4759 19.8494 60.0083 7.28011 32.2025 68.7314 26.1725 
76.3217 11 56.5685 44.5982 25.4951 9.21954 0 17 29.1548 38.5876 22.6274 47.2652 55.4707 34.0147 41.6773 64.1405 41.1096 43.566 51.1957 41.7732 31.0644 43.0116 20.2485 28.8617 61.6117 29.0689 56.6039 8 32.8024 63.0635 16.9706 
86.1626 8.94427 72.7805 43.6578 15.5242 16.1245 17 0 12.3693 49.4773 39.2046 63.3482 72.4017 48.6004 45.607 65.521 47.0425 51.6236 67.72 56 48.0208 52.8867 3.60555 45.5412 78.1601 27.8927 73.5731 21.9317 16.2788 79.6994 27.2947 
96.4624 19.4165 85.1469 44.1022 20 26.2488 29.1548 12.3693 0 60.6712 50.774 75.71 84.22 58.6941 54.1202 66.2722 51.923 57.5847 80.0812 68.0661 59.9416 59.9333 10 57.8705 90.5207 30.4138 85.4751 33.0151 9.05539 92.0489 39.0128 
37.7359 48.3322 36.2353 82.3286 44.1022 47.7074 38.5876 49.4773 60.6712 0 39.8121 28.6531 52.6308 54.4243 20 99.905 74.8131 74.6257 35.3553 14.4222 37.6563 71.5891 50.8035 27.4591 43.4166 67.424 52.2015 43.2782 59 45.607 22.4722 
74.411 31.3847 40.7922 49.0408 47.4342 25.0799 22.6274 39.2046 50.774 39.8121 0 32.8938 33.541 15.1327 52.2398 62.6259 37.0135 35.4683 34.3657 34.6554 10.0499 31.9061 42.638 15 44.0454 38.1182 34.9285 17.8885 55.3173 45 28.2843 
48.4665 58.2151 9.48683 81.9329 64.405 54.0093 47.2652 63.3482 75.71 28.6531 32.8938 0 26.0192 42.0119 48.5489 94.3398 68.9638 66.0303 6.7082 14.3178 24.1868 61.2209 65.9697 19.105 15.8114 70.406 25.02 47.0956 77.1622 17.8045 38.9102 
73.4983 64.8845 25.0799 76.0263 78.5175 58.6003 55.4707 72.4017 84.22 52.6308 33.541 26.0192 0 32 71.5122 82.5651 59.5399 54.3415 20.3961 39.3192 24.4131 48.5077 75.7166 30 22.0227 69.0507 2.23607 51.4296 88.2326 21.2132 54.8179 
87.4185 39.8246 47.8853 44.0454 59.5063 32.6497 34.0147 48.6004 58.6941 54.4243 15.1327 42.0119 32 0 67.3647 52.7731 28.1603 24.1868 41.1825 47.4342 18.4391 19.2094 52.2015 27.7849 49.0408 37.9473 34.0147 26.9258 64.8151 49.3356 43.0465 
44.1814 48.1664 56.2228 85.8021 34.5398 50.4777 41.6773 45.607 54.1202 20 52.2398 48.5489 71.5122 67.3647 0 105.816 82.3468 83.8153 55.2268 34.4093 53.2353 82.0061 45.4863 43.566 63.4114 69.814 71.3092 48.7545 49.6488 65.6049 25.632 
136.488 59.2368 100.648 22.2036 81.0432 55.4707 64.1405 65.521 66.2722 99.905 62.6259 94.3398 82.5651 52.7731 105.816 0 25.6125 28.6356 93.9415 97.1854 70.1783 34.176 67.9117 77.6209 101.637 37.6431 84.7703 57.4282 75.326 101.769 80.7094 
111.018 39.0512 75.6439 18.0278 62.0322 33.541 41.1096 47.0425 51.923 74.8131 37.0135 68.9638 59.5399 28.1603 82.3468 25.6125 0 7.2111 68.942 71.5891 44.7772 12.6491 50.1597 52.0096 77.1622 21.9317 61.6604 33.6155 60.4152 77.4919 56.7979 
109.877 43.1856 72.0694 25.0799 66.1211 37 43.566 51.6236 57.5847 74.6257 35.4683 66.0303 54.3415 24.1868 83.8153 28.6356 7.2111 0 65.3682 70.0357 42.0119 6 54.9181 50.2096 73.0068 28.3019 56.5155 35.6931 65.8027 73.1642 58.1893 
53.1601 61.9839 6.7082 82.9699 69.8355 57.2189 51.1957 67.72 80.0812 35.3553 34.3657 6.7082 20.3961 41.1825 55.2268 93.9415 68.942 65.3682 0 21.0238 24.7386 60.208 70.5195 22.3607 10.4403 72.4431 19.105 50.0899 82.0792 12.083 44.4185 
40 52.6118 21.9317 81.9878 54.1202 50 41.7732 56 68.0661 14.4222 34.6554 14.3178 39.3192 47.4342 34.4093 97.1854 71.5891 70.0357 21.0238 0 29.1548 66.0681 58.0775 19.8494 29.0689 68.542 38.6394 44.0114 68.0661 31.241 29.2746 
69.0652 40.7185 31.3209 58.2409 54.4885 34.7851 31.0644 48.0208 59.9416 37.6563 10.0499 24.1868 24.4131 18.4391 53.2353 70.1783 44.7772 42.0119 24.7386 29.1548 0 37.4833 51.3128 10.198 34.1321 48.0416 25.5539 27.5136 63.8201 35.0143 32.2025 
106.042 44.1475 66.888 30.6757 66.7533 37.4833 43.0116 52.8867 59.9333 71.5891 31.9061 61.2209 48.5077 19.2094 82.0061 34.176 12.6491 6 60.208 66.0681 37.4833 0 56.3205 46.2277 67.5426 31.8904 50.6952 35.0143 67.7791 67.624 56.5155 
86.977 12.53 75.4321 45.8803 13.4164 19.7231 20.2485 3.60555 10 50.8035 42.638 65.9697 75.7166 52.2015 45.4863 67.9117 50.1597 54.9181 70.5195 58.0775 51.3128 56.3205 0 48.4665 80.9568 30.4138 76.8505 25.4951 12.7279 82.5409 29.0172 
59.8164 39.6232 28.0179 63.561 49.2037 35.0143 28.8617 45.5412 57.8705 27.4591 15 19.105 30 27.7849 43.566 77.6209 52.0096 50.2096 22.3607 19.8494 10.198 46.2277 48.4665 0 32.7567 51.4198 30.4795 28.0179 60.3738 34.2053 24.8395 
54.231 72.3671 7.2111 91.9837 80.0625 67.4759 61.6117 78.1601 90.5207 43.4166 44.0454 15.8114 22.0227 49.0408 63.4114 101.637 77.1622 73.0068 10.4403 29.0689 34.1321 67.5426 80.9568 32.7567 0 82.1523 20 60.2993 92.477 2.23607 54.5894 
105.119 21.9545 78.7718 16.1245 43.4166 19.8494 29.0689 27.8927 30.4138 67.424 38.1182 70.406 69.0507 37.9473 69.814 37.6431 21.9317 28.3019 72.4431 68.542 48.0416 31.8904 30.4138 51.4198 82.1523 0 70.859 24.5967 39.2046 83.0542 46.0109 
72.0347 66.1891 23.4094 78.0577 79.3095 60.0083 56.6039 73.5731 85.4751 52.2015 34.9285 25.02 2.23607 34.0147 71.3092 84.7703 61.6604 56.5155 19.105 38.6394 25.5539 50.6952 76.8505 30.4795 20 70.859 0 52.8015 89.3085 19.105 55.3173 
80.8022 13.6015 56 39.0512 32.8938 7.28011 8 21.9317 33.0151 43.2782 17.8885 47.0956 51.4296 26.9258 48.7545 57.4282 33.6155 35.6931 50.0899 44.0114 27.5136 35.0143 25.4951 28.0179 60.2993 24.5967 52.8015 0 38.2099 61.5224 23.3238 
93.1719 25 86.6487 53.1507 15.2971 32.2025 32.8024 16.2788 9.05539 59 55.3173 77.1622 88.2326 64.8151 49.6488 75.326 60.4152 65.8027 82.0792 68.0661 63.8201 67.7791 12.7279 60.3738 92.477 39.2046 89.3085 38.2099 0 94.1541 38.833 
56.1427 73.7564 9.43398 92.5743 81.8841 68.7314 63.0635 79.6994 92.0489 45.607 45 17.8045 21.2132 49.3356 65.6049 101.769 77.4919 73.1642 12.083 31.241 35.0143 67.624 82.5409 34.2053 2.23607 83.0542 19.105 61.5224 94.1541 0 56.4358 
59.9416 25.9422 48.3322 61.5549 25.4951 26.1725 16.9706 27.2947 39.0128 22.4722 28.2843 38.9102 54.8179 43.0465 25.632 80.7094 56.7979 58.1893 44.4185 29.2746 32.2025 56.5155 29.0172 24.8395 54.5894 46.0109 55.3173 23.3238 38.833 56.4358 0 
