20 3
1 3
2 2
3 2
4 10
5 5
6 4
7 10
8 10
9 6
10 7
11 2
12 1
13 5
14 9
15 4
16 5
17 5
18 10
19 3
20 7
1 8
4 10
2 10
0 90.5539 74.8131 37.6431 80.0625 119.62 85.8836 48.8365 119.808 77.8781 85.44 76.3217 86.1626 96.4624 37.7359 74.411 48.4665 73.4983 87.4185 44.1814 136.488 
90.5539 0 35.2278 56.6127 33.0151 51.6236 48.4149 47.634 49.2544 67.9779 41.2311 42.4853 57.2014 67.2086 59.6657 22.2036 43.2782 27.8927 8.60233 74.027 54.7083 
74.8131 35.2278 0 53.1413 5.38516 86.093 73.3553 26.0768 84.006 86.4523 67.1193 63.8122 80.7775 92.6607 57.9396 42.0476 29.8329 8.544 40.1123 77.3886 89.4986 
37.6431 56.6127 53.1413 0 57.28 82.0975 49.6488 31.241 82.201 47.5184 48.3011 39.3954 51.6236 63.1981 5 37.7359 23.7065 48.0521 51.8941 25 99.0051 
80.0625 33.0151 5.38516 57.28 0 84.4808 74.0945 31.257 82.2192 88.3912 67.6018 65 81.8413 93.4933 61.9839 42.72 34.3657 10 38.833 81.1542 86.4928 
119.62 51.6236 86.093 82.0975 84.4808 0 36.6197 90.7083 3.60555 57.0088 34.6554 43.8634 41.6293 41.3038 82.0061 50 82.8613 78.0064 46.0109 84.6463 25.02 
85.8836 48.4149 73.3553 49.6488 74.0945 36.6197 0 67.4759 38.0789 23 7.2111 11 8.94427 19.4165 48.3322 31.3847 58.2151 64.8845 39.8246 48.1664 59.2368 
48.8365 47.634 26.0768 31.241 31.257 90.7083 67.4759 0 89.56 73.8241 63.0317 56.5685 72.7805 85.1469 36.2353 40.7922 9.48683 25.0799 47.8853 56.2228 100.648 
119.808 49.2544 84.006 82.201 82.2192 3.60555 38.0789 89.56 0 59.1354 35.4683 44.5982 43.6578 44.1022 82.3286 49.0408 81.9329 76.0263 44.0454 85.8021 22.2036 
77.8781 67.9779 86.4523 47.5184 88.3912 57.0088 23 73.8241 59.1354 0 29.2746 25.4951 15.5242 20 44.1022 47.4342 64.405 78.5175 59.5063 34.5398 81.0432 
85.44 41.2311 67.1193 48.3011 67.6018 34.6554 7.2111 63.0317 35.4683 29.2746 0 9.21954 16.1245 26.2488 47.7074 25.0799 54.0093 58.6003 32.6497 50.4777 55.4707 
76.3217 42.4853 63.8122 39.3954 65 43.8634 11 56.5685 44.5982 25.4951 9.21954 0 17 29.1548 38.5876 22.6274 47.2652 55.4707 34.0147 41.6773 64.1405 
86.1626 57.2014 80.7775 51.6236 81.8413 41.6293 8.94427 72.7805 43.6578 15.5242 16.1245 17 0 12.3693 49.4773 39.2046 63.3482 72.4017 48.6004 45.607 65.521 
96.4624 67.2086 92.6607 63.1981 93.4933 41.3038 19.4165 85.1469 44.1022 20 26.2488 29.1548 12.3693 0 60.6712 50.774 75.71 84.22 58.6941 54.1202 66.2722 
37.7359 59.6657 57.9396 5 61.9839 82.0061 48.3322 36.2353 82.3286 44.1022 47.7074 38.5876 49.4773 60.6712 0 39.8121 28.6531 52.6308 54.4243 20 99.905 
74.411 22.2036 42.0476 37.7359 42.72 50 31.3847 40.7922 49.0408 47.4342 25.0799 22.6274 39.2046 50.774 39.8121 0 32.8938 33.541 15.1327 52.2398 62.6259 
48.4665 43.2782 29.8329 23.7065 34.3657 82.8613 58.2151 9.48683 81.9329 64.405 54.0093 47.2652 63.3482 75.71 28.6531 32.8938 0 26.0192 42.0119 48.5489 94.3398 
73.4983 27.8927 8.544 48.0521 10 78.0064 64.8845 25.0799 76.0263 78.5175 58.6003 55.4707 72.4017 84.22 52.6308 33.541 26.0192 0 32 71.5122 82.5651 
87.4185 8.60233 40.1123 51.8941 38.833 46.0109 39.8246 47.8853 44.0454 59.5063 32.6497 34.0147 48.6004 58.6941 54.4243 15.1327 42.0119 32 0 67.3647 52.7731 
44.1814 74.027 77.3886 25 81.1542 84.6463 48.1664 56.2228 85.8021 34.5398 50.4777 41.6773 45.607 54.1202 20 52.2398 48.5489 71.5122 67.3647 0 105.816 
136.488 54.7083 89.4986 99.0051 86.4928 25.02 59.2368 100.648 22.2036 81.0432 55.4707 64.1405 65.521 66.2722 99.905 62.6259 94.3398 82.5651 52.7731 105.816 0 
