50 2
1 10
2 4
3 3
4 2
5 2
6 10
7 5
8 4
9 10
10 10
11 6
12 7
13 2
14 1
15 5
16 9
17 4
18 5
19 5
20 10
21 3
22 7
23 8
24 6
25 4
26 1
27 4
28 9
29 9
30 3
31 10
32 7
33 10
34 6
35 8
36 9
37 3
38 5
39 7
40 6
41 6
42 2
43 10
44 5
45 2
46 10
47 9
48 2
49 10
50 2
1 8
4 10
0 74.411 48.4665 73.4983 87.4185 44.1814 136.488 111.018 109.877 53.1601 40 69.0652 106.042 86.977 59.8164 54.231 105.119 72.0347 80.8022 93.1719 56.1427 59.9416 91.022 108.245 40.2616 85.0235 98.4886 72.6705 98.5089 42.72 24.0832 101.872 97.0155 110.436 84.309 74.0068 13.0384 36.0555 70.4344 79.6304 96.1301 21.2132 107.019 91.8368 45.607 45.8803 97.2934 81.3019 51.9711 97.17 37.855 
74.411 0 32.8938 33.541 15.1327 52.2398 62.6259 37.0135 35.4683 34.3657 34.6554 10.0499 31.9061 42.638 15 44.0454 38.1182 34.9285 17.8885 55.3173 45 28.2843 18.4391 33.9706 47.0744 55.2268 48.2597 18.6011 67.2086 32.8024 50.6063 31.257 53.1507 41.7732 27.8029 60.4152 62.0081 38.9487 5.09902 9.48683 59.4643 53.2635 42.4264 19.4165 30.8707 40.4475 48.0104 23.8537 30.2655 43.4626 45.1885 
48.4665 32.8938 0 26.0192 42.0119 48.5489 94.3398 68.9638 66.0303 6.7082 14.3178 24.1868 61.2209 65.9697 19.105 15.8114 70.406 25.02 47.0956 77.1622 17.8045 38.9102 45.4533 65.5134 40.8167 43.0813 51.1566 42.19 87.3212 10.2956 29 54.6717 51.1566 74.4648 35.8469 71.218 38.6394 15.1327 27.8568 34.4093 52.6308 30.1496 58.6003 46.0977 24.7588 38.2884 50.0899 51.0392 33.0151 71.2531 12.8062 
73.4983 33.541 26.0192 0 32 71.5122 82.5651 59.5399 54.3415 20.3961 39.3192 24.4131 48.5077 75.7166 30 22.0227 69.0507 2.23607 51.4296 88.2326 21.2132 54.8179 34.1321 55.5788 64.195 22.0227 25.1794 50.8035 99.8098 35.2278 55.0091 37.5766 25.4951 71.3442 14.7648 89.0225 64.4981 41.0122 29.6816 27.6586 28.6531 56.1427 36.1248 34.2345 46.2385 60.0083 24.0832 57.3062 51.9711 76.9675 35.7351 
87.4185 15.1327 42.0119 32 0 67.3647 52.7731 28.1603 24.1868 41.1825 47.4342 18.4391 19.2094 52.2015 27.7849 49.0408 37.9473 34.0147 26.9258 64.8151 49.3356 43.0465 3.60555 24.3516 62.1691 50.9608 38.2884 31.3209 77.0065 44.8219 64.1405 16.1245 44.6542 39.6232 20.2485 73.6817 75.4718 51.4004 17.4642 7.81025 52.3546 66.5733 28.1603 4.47214 45.5412 55.5788 38.4187 33.2866 45.3982 49.679 54.8179 
44.1814 52.2398 48.5489 71.5122 67.3647 0 105.816 82.3468 83.8153 55.2268 34.4093 53.2353 82.0061 45.4863 43.566 63.4114 69.814 71.3092 48.7545 49.6488 65.6049 25.632 70.5762 80.7775 7.81025 91.2414 94.5939 40.3113 54.3323 38.2753 28.6356 83.4865 96.7678 75.6042 74.9667 30.1496 33.1361 35.3836 51 61.0328 99.925 31.0161 94.0053 71.5681 25.2982 12.0416 93.8616 46.3249 22.0227 57.0088 48.8365 
136.488 62.6259 94.3398 82.5651 52.7731 105.816 0 25.6125 28.6356 93.9415 97.1854 70.1783 34.176 67.9117 77.6209 101.637 37.6431 84.7703 57.4282 75.326 101.769 80.7094 49.6588 28.8444 103.47 96.5194 76.0066 66.0303 85 95.4254 112.432 45.7056 84.006 32.0156 68.1542 97.0155 123.746 101.533 67.2012 60.0333 93.0054 115.278 55.0818 49.2443 91.2853 96.2601 77 59.5399 87.0057 56.7186 107.07 
111.018 37.0135 68.9638 59.5399 28.1603 82.3468 25.6125 0 7.2111 68.942 71.5891 44.7772 12.6491 50.1597 52.0096 77.1622 21.9317 61.6604 33.6155 60.4152 77.4919 56.7979 25.4951 4 79.2591 76.2365 58.5235 42.0476 71.8401 69.814 87 26.2488 66.2193 19.2094 46.0109 78.1025 98.3514 75.9276 41.6173 34.9285 74.9533 89.8053 39.8246 25.318 66.0681 72.0694 59.203 37.108 62.434 41.4849 81.6333 
109.877 35.4683 66.0303 54.3415 24.1868 83.8153 28.6356 7.2111 0 65.3682 70.0357 42.0119 6 54.9181 50.2096 73.0068 28.3019 56.5155 35.6931 65.8027 73.1642 58.1893 21.0238 4.47214 80.1124 70.0286 51.6624 43.6807 77.4919 67.897 86.0523 19.4165 59.439 26.1725 40.3113 82.0244 97.4526 74.2496 39.598 31.6228 68.2495 88.7299 32.6497 20.6155 65.7343 73.0068 52.3927 40.1123 63.0714 47.1699 78.8162 
53.1601 34.3657 6.7082 20.3961 41.1825 55.2268 93.9415 68.942 65.3682 0 21.0238 24.7386 60.208 70.5195 22.3607 10.4403 72.4431 19.105 50.0899 82.0792 12.083 44.4185 44.4185 65.307 47.5079 36.4005 45.5412 46.0977 92.5743 17 35.1283 52.345 45.0111 76.1183 31.9061 77.3369 44.1814 21.587 29.2746 34.0147 46.0977 36 54.7083 44.9444 31.1448 44.8219 44.4072 54.5894 39.0512 74.9667 15.6525 
40 34.6554 14.3178 39.3192 47.4342 34.4093 97.1854 71.5891 70.0357 21.0238 0 29.1548 66.0681 58.0775 19.8494 29.0689 68.542 38.6394 44.0114 68.0661 31.241 29.2746 51.0392 68.6222 26.6271 57.3847 64.0312 37.108 77.201 4.12311 17.088 62.1772 64.7765 73.3485 46.6905 58.8303 28.178 4.47214 30.4795 39.6611 66.7608 19.2354 68.6804 51.8652 12.6491 24.8395 63.0714 46.3249 21.8403 65.3758 16.7631 
69.0652 10.0499 24.1868 24.4131 18.4391 53.2353 70.1783 44.7772 42.0119 24.7386 29.1548 0 37.4833 51.3128 10.198 34.1321 48.0416 25.5539 27.5136 63.8201 35.0143 32.2025 22.0227 41.3401 47 46.4004 42.5441 26.4008 75.4321 26.4008 46.0652 33.1059 46.3249 51.4782 22.1359 66.0379 57.3062 33.0151 5.38516 10.6301 51.7397 48.3735 41.1947 22.8035 29.1548 41.1947 42.0476 33.1059 31.5753 53.1413 36.8917 
106.042 31.9061 61.2209 48.5077 19.2094 82.0061 34.176 12.6491 6 60.208 66.0681 37.4833 0 56.3205 46.2277 67.5426 31.8904 50.6952 35.0143 67.7791 67.624 56.5155 15.8114 8.94427 77.8332 64.0312 45.8803 42.4264 79.7057 63.7024 82.4197 13.6015 53.6004 30.6105 34.3657 82.3893 93.8136 70.1783 35.609 26.9072 62.3699 85 27.4591 15.2643 62.6498 70.8378 46.5725 40.1123 60.7454 49.6488 74.027 
86.977 42.638 65.9697 75.7166 52.2015 45.4863 67.9117 50.1597 54.9181 70.5195 58.0775 51.3128 56.3205 0 48.4665 80.9568 30.4138 76.8505 25.4951 12.7279 82.5409 29.0172 53.535 50.636 47.0106 97.6524 89.9389 25.0599 24.8395 59.4138 65.307 64.846 95.462 35.9026 70.0071 29.1204 74.3303 62.0081 46.0435 50.9117 102.069 68.4471 79.2591 54.3783 46.0109 41.1096 89.8721 19.105 37.1214 12.2066 74.4312 
59.8164 15 19.105 30 27.7849 43.566 77.6209 52.0096 50.2096 22.3607 19.8494 10.198 46.2277 48.4665 0 32.7567 51.4198 30.4795 28.0179 60.3738 34.2053 24.8395 31.3847 48.9183 37.054 51.6624 51.2445 23.7697 71.3442 17.8045 36.3593 43.0813 54.1295 55.6597 31.4006 59.0339 47.7074 24.0416 10.6301 20.1246 58.5235 38.833 51.3517 32.249 19.0263 31.5753 50.5964 32.249 22.4722 52.6118 30.6757 
54.231 44.0454 15.8114 22.0227 49.0408 63.4114 101.637 77.1622 73.0068 10.4403 29.0689 34.1321 67.5426 80.9568 32.7567 0 82.1523 20 60.2993 92.477 2.23607 54.5894 52 73.3894 55.6058 31.1448 45.31 56.5155 102.883 25.4558 40.1622 58.2495 42.9535 85.5862 36.1248 87.0057 47.3814 28.3019 39.0128 42.45 42 40.2616 58.1378 52.3927 40.4599 53.7401 44.0114 64.9384 48.8262 85.3288 17.2627 
105.119 38.1182 70.406 69.0507 37.9473 69.814 37.6431 21.9317 28.3019 72.4431 68.542 48.0416 31.8904 30.4138 51.4198 82.1523 0 70.859 24.5967 39.2046 83.0542 46.0109 37.1618 23.8537 68.593 88.8876 74.793 32.45 50.2195 68.0074 81.3019 44.0454 81.8413 5.83095 58.1893 59.439 92.0869 73.0068 43.1856 41.4367 89.9611 84.3801 58.7963 37.5766 59.6825 61.5224 75.1798 24.0832 53.4135 20.0998 82.0061 
72.0347 34.9285 25.02 2.23607 34.0147 71.3092 84.7703 61.6604 56.5155 19.105 38.6394 25.5539 50.6952 76.8505 30.4795 20 70.859 0 52.8015 89.3085 19.105 55.3173 36.2215 57.7062 63.9062 21.2132 26.4764 51.8652 100.802 34.5254 54.0093 39.8121 26.1725 73.2462 17 89.4986 63.2851 40.1123 30.8869 29.4279 28.6356 55.0364 38.2099 36.3456 46.0977 59.9333 25.318 58.5918 52.1536 78.3901 34.2053 
80.8022 17.8885 47.0956 51.4296 26.9258 48.7545 57.4282 33.6155 35.6931 50.0899 44.0114 27.5136 35.0143 25.4951 28.0179 60.2993 24.5967 52.8015 0 38.2099 61.5224 23.3238 28.6356 32.28 46.0435 73.0616 64.4438 8.60233 50.3289 43.6807 56.8595 40.8044 70.0357 29.6816 44.5982 47.8539 67.8012 48.4665 22.1359 25.4951 76.8375 59.9083 54.626 29.5466 35.2278 38.833 64.3817 6.40312 29.7321 25.632 58.0517 
93.1719 55.3173 77.1622 88.2326 64.8151 49.6488 75.326 60.4152 65.8027 82.0792 68.0661 63.8201 67.7791 12.7279 60.3738 92.477 39.2046 89.3085 38.2099 0 94.1541 38.833 66.0303 61.4003 52.9528 110.209 102.65 37.4433 12.2066 69.857 73.1095 77.026 108.19 44.0114 82.7345 25.4951 81.0494 71.7008 58.6003 63.6396 114.769 76.1643 91.586 66.8506 55.5788 48.1664 102.591 31.8277 46.3897 19.105 84.7231 
56.1427 45 17.8045 21.2132 49.3356 65.6049 101.769 77.4919 73.1642 12.083 31.241 35.0143 67.624 82.5409 34.2053 2.23607 83.0542 19.105 61.5224 94.1541 0 56.4358 52.2015 73.6817 57.8014 29.0689 43.8634 57.9741 104.652 27.5862 42.3792 57.9828 41.2311 86.3713 35.609 89.0225 49.4975 30.5287 40.0125 42.9535 40.0125 42.45 57.3149 52.5547 42.5206 55.8659 42.5441 66.2873 50.8035 86.6833 19.4165 
59.9416 28.2843 38.9102 54.8179 43.0465 25.632 80.7094 56.7979 58.1893 44.4185 29.2746 32.2025 56.5155 29.0172 24.8395 54.5894 46.0109 55.3173 23.3238 38.833 56.4358 0 46 55.1543 22.8035 76.4853 74.7329 14.7648 48.4665 31.0483 37 59 78.3901 51.6236 54.231 34.2053 46.9574 33.0606 28.4605 37.6563 83.2346 40.1622 70.7107 47 17 15.6205 74.2496 21.9317 8.24621 37.6431 45.8912 
91.022 18.4391 45.4533 34.1321 3.60555 70.5762 49.6588 25.4951 21.0238 44.4185 51.0392 22.0227 15.8114 53.535 31.3847 52 37.1618 36.2215 28.6356 66.0303 52.2015 46 0 21.587 65.5134 52.1728 38.0132 33.7343 78.2368 48.4149 67.7422 13 44.7772 38.3275 21.3776 75.9605 79.0759 55 21.0238 11.4018 52.8015 70.1783 26 1 49.0408 58.8558 38.2753 34.8855 48.6621 50.2096 58.258 
108.245 33.9706 65.5134 55.5788 24.3516 80.7775 28.8444 4 4.47214 65.307 68.6222 41.3401 8.94427 50.636 48.9183 73.3894 23.8537 57.7062 32.28 61.4003 73.6817 55.1543 21.587 0 77.3692 72.2496 54.7083 40.4969 73.0548 66.7083 84.2912 22.4722 62.3618 21.9317 42.0119 78 95.6713 72.9178 38.4187 31.305 71.0634 87.046 36.3593 21.3776 63.6003 70.214 55.3624 36.3456 60.4152 42.72 78.2304 
40.2616 47.0744 40.8167 64.195 62.1691 7.81025 103.47 79.2591 80.1124 47.5079 26.6271 47 77.8332 47.0106 37.054 55.6058 68.593 63.9062 46.0435 52.9528 57.8014 22.8035 65.5134 77.3692 0 83.6301 87.6641 37.4433 59 30.5287 21.8403 78.2624 89.56 74.2765 68.3593 36.1386 28.1603 27.5862 45.2769 55.4437 92.477 24.5153 88.0909 66.4906 18.2483 7.2111 86.885 44.5982 17.088 57.8014 41.1096 
85.0235 55.2268 43.0813 22.0227 50.9608 91.2414 96.5194 76.2365 70.0286 36.4005 57.3847 46.4004 64.0312 97.6524 51.6624 31.1448 88.8876 21.2132 73.0616 110.209 29.0689 76.4853 52.1728 72.2496 83.6301 0 22.8254 72.8011 121.824 53.3104 70.8308 51.0392 16.2788 90.471 30.8058 110.635 78.5175 57.8705 51.614 48.3322 11.4018 71.1969 43.0116 51.9711 66.3702 80.2621 21.4709 79.0759 73.0068 98.4124 48.3735 
98.4886 48.2597 51.1566 25.1794 38.2884 94.5939 76.0066 58.5235 51.6624 45.5412 64.0312 42.5441 45.8803 89.9389 51.2445 45.31 74.793 26.4764 64.4438 102.65 43.8634 74.7329 38.0132 54.7083 87.6641 22.8254 0 66.8506 114.769 60.0083 80.0999 32.28 8 75.1532 20.5913 108.301 89.6772 66.0303 46.5296 39.2046 17 81.3019 21.095 37.4433 69.4262 82.7103 1.41421 70.8378 73.6817 87.9659 60.6383 
72.6705 18.6011 42.19 50.8035 31.3209 40.3113 66.0303 42.0476 43.6807 46.0977 37.108 26.4008 42.4264 25.0599 23.7697 56.5155 32.45 51.8652 8.60233 37.4433 57.9741 14.7648 33.7343 40.4969 37.4433 72.8011 66.8506 0 49.0408 37.3363 48.8774 46.5296 71.7008 37.8021 46.4004 42.3792 59.6406 41.4849 21.2603 27.7849 77.7817 51.9711 59.4811 34.7131 27.2947 30.2324 66.6108 9.21954 21.2132 29.0689 52.1536 
98.5089 67.2086 87.3212 99.8098 77.0065 54.3323 85 71.8401 77.4919 92.5743 77.201 75.4321 79.7057 24.8395 71.3442 102.883 50.2195 100.802 50.3289 12.2066 104.652 48.4665 78.2368 73.0548 59 121.824 114.769 49.0408 0 79.3788 80.2247 89.1852 120.216 54.5894 94.7629 25.632 87.0517 80.5233 70.2922 75.6902 126.669 83.1505 103.774 79.0569 64.56 55.3263 114.691 43.9318 55.3624 30.3645 93.9628 
42.72 32.8024 10.2956 35.2278 44.8219 38.2753 95.4254 69.814 67.897 17 4.12311 26.4008 63.7024 59.4138 17.8045 25.4558 68.0074 34.5254 43.6807 69.857 27.5862 31.0483 48.4149 66.7083 30.5287 53.3104 60.0083 37.3363 79.3788 0 20.6155 59.1692 60.6712 72.6154 42.9535 61.8547 31.3847 6.7082 28.3196 37.0135 62.6418 22.4722 65.146 49.2037 15.2643 28.2843 59.0339 46.5296 24.1661 66.0681 15.0333 
24.0832 50.6063 29 55.0091 64.1405 28.6356 112.432 87 86.0523 35.1283 17.088 46.0652 82.4197 65.307 36.3593 40.1622 81.3019 54.0093 56.8595 73.1095 42.3792 37 67.7422 84.2912 21.8403 70.8308 80.0999 48.8774 80.2247 20.6155 0 79.1581 80.0999 86.5332 63.561 57.9741 11.4018 14.1421 46.8722 56.4358 81.0494 3.16228 85.7263 68.6003 21.6333 25 79.0569 57.7062 28.7924 74.6324 23.2594 
101.872 31.257 54.6717 37.5766 16.1245 83.4865 45.7056 26.2488 19.4165 52.345 62.1772 33.1059 13.6015 64.846 43.0813 58.2495 44.0454 39.8121 40.8044 77.026 57.9828 59 13 22.4722 78.2624 51.0392 32.28 46.5296 89.1852 59.1692 79.1581 0 40.025 43.566 22.8473 88.5268 90.3549 65.8635 33.2415 23.0868 48.8365 81.4125 14.8661 12 61.4003 71.7008 32.9848 46.8188 61.5224 60 67.2681 
97.0155 53.1507 51.1566 25.4951 44.6542 96.7678 84.006 66.2193 59.439 45.0111 64.7765 46.3249 53.6004 95.462 54.1295 42.9535 81.8413 26.1725 70.0357 108.19 41.2311 78.3901 44.7772 62.3618 89.56 16.2788 8 71.7008 120.216 60.6712 80.0999 40.025 0 82.4621 25.4558 112.361 89.0505 66.2722 50.8035 44.5533 9 81.0062 29.0689 44.2945 71.4703 85.0941 7.07107 76.3806 76.5572 94.2019 59.3043 
110.436 41.7732 74.4648 71.3442 39.6232 75.6042 32.0156 19.2094 26.1725 76.1183 73.3485 51.4782 30.6105 35.9026 55.6597 85.5862 5.83095 73.2462 29.6816 44.0114 86.3713 51.6236 38.3275 21.9317 74.2765 90.471 75.1532 37.8021 54.5894 72.6154 86.5332 43.566 82.4621 0 59.6657 65 97.4166 77.8203 46.8722 44.0114 90.824 89.5879 58.0086 38.6005 64.8999 67.1789 75.6439 29.6985 58.8982 25.02 86.3308 
84.309 27.8029 35.8469 14.7648 20.2485 74.9667 68.1542 46.0109 40.3113 31.9061 46.6905 22.1359 34.3657 70.0071 31.4006 36.1248 58.1893 17 44.5982 82.7345 35.609 54.231 21.3776 42.0119 68.3593 30.8058 20.5913 46.4004 94.7629 42.9535 63.561 22.8473 25.4558 59.6657 0 87.7097 74.0405 49.4773 25.9422 19.105 32.45 65.2534 22.8254 21.2132 50.1597 62.9682 20.2485 50.9313 53.6004 69.0652 47.5079 
74.0068 60.4152 71.218 89.0225 73.6817 30.1496 97.0155 78.1025 82.0244 77.3369 58.8303 66.0379 82.3893 29.1204 59.0339 87.0057 59.439 89.4986 47.8539 25.4951 89.0225 34.2053 75.9605 78 36.1386 110.635 108.301 42.3792 25.632 61.8547 57.9741 88.5268 112.361 65 87.7097 0 63.2851 61.2944 61.7738 69.857 117.414 60.6383 101.833 76.922 46.6154 34.4384 107.912 42.2966 38.2884 40.8534 75.1798 
13.0384 62.0081 38.6394 64.4981 75.4718 33.1361 123.746 98.3514 97.4526 44.1814 28.178 57.3062 93.8136 74.3303 47.7074 47.3814 92.0869 63.2851 67.8012 81.0494 49.4975 46.9574 79.0759 95.6713 28.1603 78.5175 89.6772 59.6406 87.0517 31.3847 11.4018 90.3549 89.0505 97.4166 74.0405 63.2851 0 24.6982 58.2495 67.7422 89.202 8.94427 96.4624 79.925 32.6497 33.2415 88.5664 68.2642 38.9487 84.309 30.1496 
36.0555 38.9487 15.1327 41.0122 51.4004 35.3836 101.533 75.9276 74.2496 21.587 4.47214 33.0151 70.1783 62.0081 24.0416 28.3019 73.0068 40.1123 48.4665 71.7008 30.5287 33.0606 55 72.9178 27.5862 57.8705 66.0303 41.4849 80.5233 6.7082 14.1421 65.8635 66.2722 77.8203 49.4773 61.2944 24.6982 0 34.6554 43.6005 67.6831 15.8114 71.7844 55.8032 16.1245 26.9258 65.0077 50.6952 25.318 69.5845 13.8924 
70.4344 5.09902 27.8568 29.6816 17.4642 51 67.2012 41.6173 39.598 29.2746 30.4795 5.38516 35.609 46.0435 10.6301 39.0128 43.1856 30.8869 22.1359 58.6003 40.0125 28.4605 21.0238 38.4187 45.2769 51.614 46.5296 21.2603 70.2922 28.3196 46.8722 33.2415 50.8035 46.8722 25.9422 61.7738 58.2495 34.6554 0 10.198 56.5862 49.4065 43.0116 21.9317 28.1603 39.0128 46.1411 27.7308 29.0172 47.7598 40.2492 
79.6304 9.48683 34.4093 27.6586 7.81025 61.0328 60.0333 34.9285 31.6228 34.0147 39.6611 10.6301 26.9072 50.9117 20.1246 42.45 41.4367 29.4279 25.4951 63.6396 42.9535 37.6563 11.4018 31.305 55.4437 48.3322 39.2046 27.7849 75.6902 37.0135 56.4358 23.0868 44.5533 44.0114 19.105 69.857 67.7422 43.6005 10.198 0 51.4004 58.8303 33.1361 12.2066 38.3275 49.0918 39.0512 31.8277 39.0128 50.2494 47.2017 
96.1301 59.4643 52.6308 28.6531 52.3546 99.925 93.0054 74.9533 68.2495 46.0977 66.7608 51.7397 62.3699 102.069 58.5235 42 89.9611 28.6356 76.8375 114.769 40.0125 83.2346 52.8015 71.0634 92.477 11.4018 17 77.7817 126.669 62.6418 81.0494 48.8365 9 90.824 32.45 117.414 89.202 67.6831 56.5862 51.4004 0 81.6149 38.0526 52.3927 74.7329 88.5664 16.0312 83.0963 80.6226 101.514 59.0762 
21.2132 53.2635 30.1496 56.1427 66.5733 31.0161 115.278 89.8053 88.7299 36 19.2354 48.3735 85 68.4471 38.833 40.2616 84.3801 55.0364 59.9083 76.1643 42.45 40.1622 70.1783 87.046 24.5153 71.1969 81.3019 51.9711 83.1505 22.4722 3.16228 81.4125 81.0062 89.5879 65.2534 60.6383 8.94427 15.8114 49.4065 58.8303 81.6149 0 87.5957 71.0211 24.6982 28.0179 80.2247 60.8276 31.9531 77.7946 23.0868 
107.019 42.4264 58.6003 36.1248 28.1603 94.0053 55.0818 39.8246 32.6497 54.7083 68.6804 41.1947 27.4591 79.2591 51.3517 58.1378 58.7963 38.2099 54.626 91.586 57.3149 70.7107 26 36.3593 88.0909 43.0116 21.095 59.4811 103.774 65.146 85.7263 14.8661 29.0689 58.0086 22.8254 101.833 96.4624 71.7844 43.0116 33.1361 38.0526 87.5957 0 25.0799 70.3491 82 22.2036 60.8358 72.0278 74.8131 70.3278 
91.8368 19.4165 46.0977 34.2345 4.47214 71.5681 49.2443 25.318 20.6155 44.9444 51.8652 22.8035 15.2643 54.3783 32.249 52.3927 37.5766 36.3456 29.5466 66.8506 52.5547 47 1 21.3776 66.4906 51.9711 37.4433 34.7131 79.0569 49.2037 68.6003 12 44.2945 38.6005 21.2132 76.922 79.925 55.8032 21.9317 12.2066 52.3927 71.0211 25.0799 0 49.98 59.8415 37.7359 35.7771 49.6488 50.9117 58.8982 
45.607 30.8707 24.7588 46.2385 45.5412 25.2982 91.2853 66.0681 65.7343 31.1448 12.6491 29.1548 62.6498 46.0109 19.0263 40.4599 59.6825 46.0977 35.2278 55.5788 42.5206 17 49.0408 63.6003 18.2483 66.3702 69.4262 27.2947 64.56 15.2643 21.6333 61.4003 71.4703 64.8999 50.1597 46.6154 32.6497 16.1245 28.1603 38.3275 74.7329 24.6982 70.3491 49.98 0 13.8924 68.6586 36.2491 9.21954 54.1295 29.4109 
45.8803 40.4475 38.2884 60.0083 55.5788 12.0416 96.2601 72.0694 73.0068 44.8219 24.8395 41.1947 70.8378 41.1096 31.5753 53.7401 61.5224 59.9333 38.833 48.1664 55.8659 15.6205 58.8558 70.214 7.2111 80.2621 82.7103 30.2324 55.3263 28.2843 25 71.7008 85.0941 67.1789 62.9682 34.4384 33.2415 26.9258 39.0128 49.0918 88.5664 28.0179 82 59.8415 13.8924 0 82.0061 37.4833 10.198 51.4296 40.8167 
97.2934 48.0104 50.0899 24.0832 38.4187 93.8616 77 59.203 52.3927 44.4072 63.0714 42.0476 46.5725 89.8721 50.5964 44.0114 75.1798 25.318 64.3817 102.591 42.5441 74.2496 38.2753 55.3624 86.885 21.4709 1.41421 66.6108 114.691 59.0339 79.0569 32.9848 7.07107 75.6439 20.2485 107.912 88.5664 65.0077 46.1411 39.0512 16.0312 80.2247 22.2036 37.7359 68.6586 82.0061 0 70.7672 73.0548 88.0909 59.439 
81.3019 23.8537 51.0392 57.3062 33.2866 46.3249 59.5399 37.108 40.1123 54.5894 46.3249 33.1059 40.1123 19.105 32.249 64.9384 24.0832 58.5918 6.40312 31.8277 66.2873 21.9317 34.8855 36.3456 44.5982 79.0759 70.8378 9.21954 43.9318 46.5296 57.7062 46.8188 76.3806 29.6985 50.9313 42.2966 68.2642 50.6952 27.7308 31.8277 83.0963 60.8276 60.8358 35.7771 36.2491 37.4833 70.7672 0 29.4109 20.3961 61.2944 
51.9711 30.2655 33.0151 51.9711 45.3982 22.0227 87.0057 62.434 63.0714 39.0512 21.8403 31.5753 60.7454 37.1214 22.4722 48.8262 53.4135 52.1536 29.7321 46.3897 50.8035 8.24621 48.6621 60.4152 17.088 73.0068 73.6817 21.2132 55.3624 24.1661 28.7924 61.5224 76.5572 58.8982 53.6004 38.2884 38.9487 25.318 29.0172 39.0128 80.6226 31.9531 72.0278 49.6488 9.21954 10.198 73.0548 29.4109 0 45.8803 38.6005 
97.17 43.4626 71.2531 76.9675 49.679 57.0088 56.7186 41.4849 47.1699 74.9667 65.3758 53.1413 49.6488 12.2066 52.6118 85.3288 20.0998 78.3901 25.632 19.105 86.6833 37.6431 50.2096 42.72 57.8014 98.4124 87.9659 29.0689 30.3645 66.0681 74.6324 60 94.2019 25.02 69.0652 40.8534 84.309 69.5845 47.7598 50.2494 101.514 77.7946 74.8131 50.9117 54.1295 51.4296 88.0909 20.3961 45.8803 0 81.0247 
37.855 45.1885 12.8062 35.7351 54.8179 48.8365 107.07 81.6333 78.8162 15.6525 16.7631 36.8917 74.027 74.4312 30.6757 17.2627 82.0061 34.2053 58.0517 84.7231 19.4165 45.8912 58.258 78.2304 41.1096 48.3735 60.6383 52.1536 93.9628 15.0333 23.2594 67.2681 59.3043 86.3308 47.5079 75.1798 30.1496 13.8924 40.2492 47.2017 59.0762 23.0868 70.3278 58.8982 29.4109 40.8167 59.439 61.2944 38.6005 81.0247 0 
