5 2
1 10
2 4
3 3
4 2
5 2
1 8
4 10
0 33.541 100.08 89.1964 77.1557 15.0333 
33.541 0 88.8876 59.1692 45.8039 29 
100.08 88.8876 0 65.5134 71.5052 85.0529 
89.1964 59.1692 65.5134 0 14.3178 77.9872 
77.1557 45.8039 71.5052 14.3178 0 67.1193 
15.0333 29 85.0529 77.9872 67.1193 0 
