40 3
1 3
2 2
3 2
4 10
5 5
6 4
7 10
8 10
9 6
10 7
11 2
12 1
13 5
14 9
15 4
16 5
17 5
18 10
19 3
20 7
21 8
22 6
23 4
24 1
25 4
26 9
27 9
28 3
29 10
30 7
31 10
32 6
33 8
34 9
35 3
36 5
37 7
38 6
39 6
40 2
1 8
4 10
2 10
0 76.3217 86.1626 96.4624 37.7359 74.411 48.4665 73.4983 87.4185 44.1814 136.488 111.018 109.877 53.1601 40 69.0652 106.042 86.977 59.8164 54.231 105.119 72.0347 80.8022 93.1719 56.1427 59.9416 91.022 108.245 40.2616 85.0235 98.4886 72.6705 98.5089 42.72 24.0832 101.872 97.0155 110.436 84.309 74.0068 13.0384 
76.3217 0 17 29.1548 38.5876 22.6274 47.2652 55.4707 34.0147 41.6773 64.1405 41.1096 43.566 51.1957 41.7732 31.0644 43.0116 20.2485 28.8617 61.6117 29.0689 56.6039 8 32.8024 63.0635 16.9706 36.0555 40.025 39.6989 77.4209 70.6045 5.09902 44.5982 42.19 52.7731 48.5077 75.743 34.6554 50.3289 40.025 63.2851 
86.1626 17 0 12.3693 49.4773 39.2046 63.3482 72.4017 48.6004 45.607 65.521 47.0425 51.6236 67.72 56 48.0208 52.8867 3.60555 45.5412 78.1601 27.8927 73.5731 21.9317 16.2788 79.6994 27.2947 49.93 47.3814 46.5296 94.3027 86.3713 21.9317 28.4253 57.1402 64.0312 61.2699 91.9348 33.5261 66.4831 31.5753 73.3894 
96.4624 29.1548 12.3693 0 60.6712 50.774 75.71 84.22 58.6941 54.1202 66.2722 51.923 57.5847 80.0812 68.0661 59.9416 59.9333 10 57.8705 90.5207 30.4138 85.4751 33.0151 9.05539 92.0489 39.0128 59.5483 53.1413 56.3028 106 96.8969 34.176 19.9249 69.3542 75.1332 69.8928 102.825 35.0571 77.4661 33.2866 83.9345 
37.7359 38.5876 49.4773 60.6712 0 39.8121 28.6531 52.6308 54.4243 20 99.905 74.8131 74.6257 35.3553 14.4222 37.6563 71.5891 50.8035 27.4591 43.4166 67.424 52.2015 43.2782 59 45.607 22.4722 57.9396 72.4224 12.2066 71.5891 76.6551 35 66.7533 18.3576 14.5602 70.214 78.1025 72.8011 58 46.0977 24.6982 
74.411 22.6274 39.2046 50.774 39.8121 0 32.8938 33.541 15.1327 52.2398 62.6259 37.0135 35.4683 34.3657 34.6554 10.0499 31.9061 42.638 15 44.0454 38.1182 34.9285 17.8885 55.3173 45 28.2843 18.4391 33.9706 47.0744 55.2268 48.2597 18.6011 67.2086 32.8024 50.6063 31.257 53.1507 41.7732 27.8029 60.4152 62.0081 
48.4665 47.2652 63.3482 75.71 28.6531 32.8938 0 26.0192 42.0119 48.5489 94.3398 68.9638 66.0303 6.7082 14.3178 24.1868 61.2209 65.9697 19.105 15.8114 70.406 25.02 47.0956 77.1622 17.8045 38.9102 45.4533 65.5134 40.8167 43.0813 51.1566 42.19 87.3212 10.2956 29 54.6717 51.1566 74.4648 35.8469 71.218 38.6394 
73.4983 55.4707 72.4017 84.22 52.6308 33.541 26.0192 0 32 71.5122 82.5651 59.5399 54.3415 20.3961 39.3192 24.4131 48.5077 75.7166 30 22.0227 69.0507 2.23607 51.4296 88.2326 21.2132 54.8179 34.1321 55.5788 64.195 22.0227 25.1794 50.8035 99.8098 35.2278 55.0091 37.5766 25.4951 71.3442 14.7648 89.0225 64.4981 
87.4185 34.0147 48.6004 58.6941 54.4243 15.1327 42.0119 32 0 67.3647 52.7731 28.1603 24.1868 41.1825 47.4342 18.4391 19.2094 52.2015 27.7849 49.0408 37.9473 34.0147 26.9258 64.8151 49.3356 43.0465 3.60555 24.3516 62.1691 50.9608 38.2884 31.3209 77.0065 44.8219 64.1405 16.1245 44.6542 39.6232 20.2485 73.6817 75.4718 
44.1814 41.6773 45.607 54.1202 20 52.2398 48.5489 71.5122 67.3647 0 105.816 82.3468 83.8153 55.2268 34.4093 53.2353 82.0061 45.4863 43.566 63.4114 69.814 71.3092 48.7545 49.6488 65.6049 25.632 70.5762 80.7775 7.81025 91.2414 94.5939 40.3113 54.3323 38.2753 28.6356 83.4865 96.7678 75.6042 74.9667 30.1496 33.1361 
136.488 64.1405 65.521 66.2722 99.905 62.6259 94.3398 82.5651 52.7731 105.816 0 25.6125 28.6356 93.9415 97.1854 70.1783 34.176 67.9117 77.6209 101.637 37.6431 84.7703 57.4282 75.326 101.769 80.7094 49.6588 28.8444 103.47 96.5194 76.0066 66.0303 85 95.4254 112.432 45.7056 84.006 32.0156 68.1542 97.0155 123.746 
111.018 41.1096 47.0425 51.923 74.8131 37.0135 68.9638 59.5399 28.1603 82.3468 25.6125 0 7.2111 68.942 71.5891 44.7772 12.6491 50.1597 52.0096 77.1622 21.9317 61.6604 33.6155 60.4152 77.4919 56.7979 25.4951 4 79.2591 76.2365 58.5235 42.0476 71.8401 69.814 87 26.2488 66.2193 19.2094 46.0109 78.1025 98.3514 
109.877 43.566 51.6236 57.5847 74.6257 35.4683 66.0303 54.3415 24.1868 83.8153 28.6356 7.2111 0 65.3682 70.0357 42.0119 6 54.9181 50.2096 73.0068 28.3019 56.5155 35.6931 65.8027 73.1642 58.1893 21.0238 4.47214 80.1124 70.0286 51.6624 43.6807 77.4919 67.897 86.0523 19.4165 59.439 26.1725 40.3113 82.0244 97.4526 
53.1601 51.1957 67.72 80.0812 35.3553 34.3657 6.7082 20.3961 41.1825 55.2268 93.9415 68.942 65.3682 0 21.0238 24.7386 60.208 70.5195 22.3607 10.4403 72.4431 19.105 50.0899 82.0792 12.083 44.4185 44.4185 65.307 47.5079 36.4005 45.5412 46.0977 92.5743 17 35.1283 52.345 45.0111 76.1183 31.9061 77.3369 44.1814 
40 41.7732 56 68.0661 14.4222 34.6554 14.3178 39.3192 47.4342 34.4093 97.1854 71.5891 70.0357 21.0238 0 29.1548 66.0681 58.0775 19.8494 29.0689 68.542 38.6394 44.0114 68.0661 31.241 29.2746 51.0392 68.6222 26.6271 57.3847 64.0312 37.108 77.201 4.12311 17.088 62.1772 64.7765 73.3485 46.6905 58.8303 28.178 
69.0652 31.0644 48.0208 59.9416 37.6563 10.0499 24.1868 24.4131 18.4391 53.2353 70.1783 44.7772 42.0119 24.7386 29.1548 0 37.4833 51.3128 10.198 34.1321 48.0416 25.5539 27.5136 63.8201 35.0143 32.2025 22.0227 41.3401 47 46.4004 42.5441 26.4008 75.4321 26.4008 46.0652 33.1059 46.3249 51.4782 22.1359 66.0379 57.3062 
106.042 43.0116 52.8867 59.9333 71.5891 31.9061 61.2209 48.5077 19.2094 82.0061 34.176 12.6491 6 60.208 66.0681 37.4833 0 56.3205 46.2277 67.5426 31.8904 50.6952 35.0143 67.7791 67.624 56.5155 15.8114 8.94427 77.8332 64.0312 45.8803 42.4264 79.7057 63.7024 82.4197 13.6015 53.6004 30.6105 34.3657 82.3893 93.8136 
86.977 20.2485 3.60555 10 50.8035 42.638 65.9697 75.7166 52.2015 45.4863 67.9117 50.1597 54.9181 70.5195 58.0775 51.3128 56.3205 0 48.4665 80.9568 30.4138 76.8505 25.4951 12.7279 82.5409 29.0172 53.535 50.636 47.0106 97.6524 89.9389 25.0599 24.8395 59.4138 65.307 64.846 95.462 35.9026 70.0071 29.1204 74.3303 
59.8164 28.8617 45.5412 57.8705 27.4591 15 19.105 30 27.7849 43.566 77.6209 52.0096 50.2096 22.3607 19.8494 10.198 46.2277 48.4665 0 32.7567 51.4198 30.4795 28.0179 60.3738 34.2053 24.8395 31.3847 48.9183 37.054 51.6624 51.2445 23.7697 71.3442 17.8045 36.3593 43.0813 54.1295 55.6597 31.4006 59.0339 47.7074 
54.231 61.6117 78.1601 90.5207 43.4166 44.0454 15.8114 22.0227 49.0408 63.4114 101.637 77.1622 73.0068 10.4403 29.0689 34.1321 67.5426 80.9568 32.7567 0 82.1523 20 60.2993 92.477 2.23607 54.5894 52 73.3894 55.6058 31.1448 45.31 56.5155 102.883 25.4558 40.1622 58.2495 42.9535 85.5862 36.1248 87.0057 47.3814 
105.119 29.0689 27.8927 30.4138 67.424 38.1182 70.406 69.0507 37.9473 69.814 37.6431 21.9317 28.3019 72.4431 68.542 48.0416 31.8904 30.4138 51.4198 82.1523 0 70.859 24.5967 39.2046 83.0542 46.0109 37.1618 23.8537 68.593 88.8876 74.793 32.45 50.2195 68.0074 81.3019 44.0454 81.8413 5.83095 58.1893 59.439 92.0869 
72.0347 56.6039 73.5731 85.4751 52.2015 34.9285 25.02 2.23607 34.0147 71.3092 84.7703 61.6604 56.5155 19.105 38.6394 25.5539 50.6952 76.8505 30.4795 20 70.859 0 52.8015 89.3085 19.105 55.3173 36.2215 57.7062 63.9062 21.2132 26.4764 51.8652 100.802 34.5254 54.0093 39.8121 26.1725 73.2462 17 89.4986 63.2851 
80.8022 8 21.9317 33.0151 43.2782 17.8885 47.0956 51.4296 26.9258 48.7545 57.4282 33.6155 35.6931 50.0899 44.0114 27.5136 35.0143 25.4951 28.0179 60.2993 24.5967 52.8015 0 38.2099 61.5224 23.3238 28.6356 32.28 46.0435 73.0616 64.4438 8.60233 50.3289 43.6807 56.8595 40.8044 70.0357 29.6816 44.5982 47.8539 67.8012 
93.1719 32.8024 16.2788 9.05539 59 55.3173 77.1622 88.2326 64.8151 49.6488 75.326 60.4152 65.8027 82.0792 68.0661 63.8201 67.7791 12.7279 60.3738 92.477 39.2046 89.3085 38.2099 0 94.1541 38.833 66.0303 61.4003 52.9528 110.209 102.65 37.4433 12.2066 69.857 73.1095 77.026 108.19 44.0114 82.7345 25.4951 81.0494 
56.1427 63.0635 79.6994 92.0489 45.607 45 17.8045 21.2132 49.3356 65.6049 101.769 77.4919 73.1642 12.083 31.241 35.0143 67.624 82.5409 34.2053 2.23607 83.0542 19.105 61.5224 94.1541 0 56.4358 52.2015 73.6817 57.8014 29.0689 43.8634 57.9741 104.652 27.5862 42.3792 57.9828 41.2311 86.3713 35.609 89.0225 49.4975 
59.9416 16.9706 27.2947 39.0128 22.4722 28.2843 38.9102 54.8179 43.0465 25.632 80.7094 56.7979 58.1893 44.4185 29.2746 32.2025 56.5155 29.0172 24.8395 54.5894 46.0109 55.3173 23.3238 38.833 56.4358 0 46 55.1543 22.8035 76.4853 74.7329 14.7648 48.4665 31.0483 37 59 78.3901 51.6236 54.231 34.2053 46.9574 
91.022 36.0555 49.93 59.5483 57.9396 18.4391 45.4533 34.1321 3.60555 70.5762 49.6588 25.4951 21.0238 44.4185 51.0392 22.0227 15.8114 53.535 31.3847 52 37.1618 36.2215 28.6356 66.0303 52.2015 46 0 21.587 65.5134 52.1728 38.0132 33.7343 78.2368 48.4149 67.7422 13 44.7772 38.3275 21.3776 75.9605 79.0759 
108.245 40.025 47.3814 53.1413 72.4224 33.9706 65.5134 55.5788 24.3516 80.7775 28.8444 4 4.47214 65.307 68.6222 41.3401 8.94427 50.636 48.9183 73.3894 23.8537 57.7062 32.28 61.4003 73.6817 55.1543 21.587 0 77.3692 72.2496 54.7083 40.4969 73.0548 66.7083 84.2912 22.4722 62.3618 21.9317 42.0119 78 95.6713 
40.2616 39.6989 46.5296 56.3028 12.2066 47.0744 40.8167 64.195 62.1691 7.81025 103.47 79.2591 80.1124 47.5079 26.6271 47 77.8332 47.0106 37.054 55.6058 68.593 63.9062 46.0435 52.9528 57.8014 22.8035 65.5134 77.3692 0 83.6301 87.6641 37.4433 59 30.5287 21.8403 78.2624 89.56 74.2765 68.3593 36.1386 28.1603 
85.0235 77.4209 94.3027 106 71.5891 55.2268 43.0813 22.0227 50.9608 91.2414 96.5194 76.2365 70.0286 36.4005 57.3847 46.4004 64.0312 97.6524 51.6624 31.1448 88.8876 21.2132 73.0616 110.209 29.0689 76.4853 52.1728 72.2496 83.6301 0 22.8254 72.8011 121.824 53.3104 70.8308 51.0392 16.2788 90.471 30.8058 110.635 78.5175 
98.4886 70.6045 86.3713 96.8969 76.6551 48.2597 51.1566 25.1794 38.2884 94.5939 76.0066 58.5235 51.6624 45.5412 64.0312 42.5441 45.8803 89.9389 51.2445 45.31 74.793 26.4764 64.4438 102.65 43.8634 74.7329 38.0132 54.7083 87.6641 22.8254 0 66.8506 114.769 60.0083 80.0999 32.28 8 75.1532 20.5913 108.301 89.6772 
72.6705 5.09902 21.9317 34.176 35 18.6011 42.19 50.8035 31.3209 40.3113 66.0303 42.0476 43.6807 46.0977 37.108 26.4008 42.4264 25.0599 23.7697 56.5155 32.45 51.8652 8.60233 37.4433 57.9741 14.7648 33.7343 40.4969 37.4433 72.8011 66.8506 0 49.0408 37.3363 48.8774 46.5296 71.7008 37.8021 46.4004 42.3792 59.6406 
98.5089 44.5982 28.4253 19.9249 66.7533 67.2086 87.3212 99.8098 77.0065 54.3323 85 71.8401 77.4919 92.5743 77.201 75.4321 79.7057 24.8395 71.3442 102.883 50.2195 100.802 50.3289 12.2066 104.652 48.4665 78.2368 73.0548 59 121.824 114.769 49.0408 0 79.3788 80.2247 89.1852 120.216 54.5894 94.7629 25.632 87.0517 
42.72 42.19 57.1402 69.3542 18.3576 32.8024 10.2956 35.2278 44.8219 38.2753 95.4254 69.814 67.897 17 4.12311 26.4008 63.7024 59.4138 17.8045 25.4558 68.0074 34.5254 43.6807 69.857 27.5862 31.0483 48.4149 66.7083 30.5287 53.3104 60.0083 37.3363 79.3788 0 20.6155 59.1692 60.6712 72.6154 42.9535 61.8547 31.3847 
24.0832 52.7731 64.0312 75.1332 14.5602 50.6063 29 55.0091 64.1405 28.6356 112.432 87 86.0523 35.1283 17.088 46.0652 82.4197 65.307 36.3593 40.1622 81.3019 54.0093 56.8595 73.1095 42.3792 37 67.7422 84.2912 21.8403 70.8308 80.0999 48.8774 80.2247 20.6155 0 79.1581 80.0999 86.5332 63.561 57.9741 11.4018 
101.872 48.5077 61.2699 69.8928 70.214 31.257 54.6717 37.5766 16.1245 83.4865 45.7056 26.2488 19.4165 52.345 62.1772 33.1059 13.6015 64.846 43.0813 58.2495 44.0454 39.8121 40.8044 77.026 57.9828 59 13 22.4722 78.2624 51.0392 32.28 46.5296 89.1852 59.1692 79.1581 0 40.025 43.566 22.8473 88.5268 90.3549 
97.0155 75.743 91.9348 102.825 78.1025 53.1507 51.1566 25.4951 44.6542 96.7678 84.006 66.2193 59.439 45.0111 64.7765 46.3249 53.6004 95.462 54.1295 42.9535 81.8413 26.1725 70.0357 108.19 41.2311 78.3901 44.7772 62.3618 89.56 16.2788 8 71.7008 120.216 60.6712 80.0999 40.025 0 82.4621 25.4558 112.361 89.0505 
110.436 34.6554 33.5261 35.0571 72.8011 41.7732 74.4648 71.3442 39.6232 75.6042 32.0156 19.2094 26.1725 76.1183 73.3485 51.4782 30.6105 35.9026 55.6597 85.5862 5.83095 73.2462 29.6816 44.0114 86.3713 51.6236 38.3275 21.9317 74.2765 90.471 75.1532 37.8021 54.5894 72.6154 86.5332 43.566 82.4621 0 59.6657 65 97.4166 
84.309 50.3289 66.4831 77.4661 58 27.8029 35.8469 14.7648 20.2485 74.9667 68.1542 46.0109 40.3113 31.9061 46.6905 22.1359 34.3657 70.0071 31.4006 36.1248 58.1893 17 44.5982 82.7345 35.609 54.231 21.3776 42.0119 68.3593 30.8058 20.5913 46.4004 94.7629 42.9535 63.561 22.8473 25.4558 59.6657 0 87.7097 74.0405 
74.0068 40.025 31.5753 33.2866 46.0977 60.4152 71.218 89.0225 73.6817 30.1496 97.0155 78.1025 82.0244 77.3369 58.8303 66.0379 82.3893 29.1204 59.0339 87.0057 59.439 89.4986 47.8539 25.4951 89.0225 34.2053 75.9605 78 36.1386 110.635 108.301 42.3792 25.632 61.8547 57.9741 88.5268 112.361 65 87.7097 0 63.2851 
13.0384 63.2851 73.3894 83.9345 24.6982 62.0081 38.6394 64.4981 75.4718 33.1361 123.746 98.3514 97.4526 44.1814 28.178 57.3062 93.8136 74.3303 47.7074 47.3814 92.0869 63.2851 67.8012 81.0494 49.4975 46.9574 79.0759 95.6713 28.1603 78.5175 89.6772 59.6406 87.0517 31.3847 11.4018 90.3549 89.0505 97.4166 74.0405 63.2851 0 
