7 3
1 3
2 2
3 2
4 10
5 5
6 4
7 10
1 8
4 10
2 10
0 89.1964 77.1557 15.0333 76.4003 75.1665 60.9016 96.6075 
89.1964 0 14.3178 77.9872 41.7732 55.7315 32.6956 12.3693 
77.1557 14.3178 0 67.1193 43.909 56.8595 27.0185 26 
15.0333 77.9872 67.1193 0 61.6847 60.1332 47.8017 84.2912 
76.4003 41.7732 43.909 61.6847 0 14.0357 23.7065 38.2099 
75.1665 55.7315 56.8595 60.1332 14.0357 0 33.3017 52.0865 
60.9016 32.6956 27.0185 47.8017 23.7065 33.3017 0 36.7967 
96.6075 12.3693 26 84.2912 38.2099 52.0865 36.7967 0 
